15485863	15485867	15485917	15485927	15485933	15485941	15485959	15485989	15485993	15486013
15486041	15486047	15486059	15486071	15486101	15486139	15486157	15486173	15486181	15486193
15486209	15486221	15486227	15486241	15486257	15486259	15486277	15486281	15486283	15486287
15486347	15486421	15486433	15486437	15486451	15486469	15486481	15486487	15486491	15486511
15486517	15486533	15486557	15486571	15486589	15486649	15486671	15486673	15486703	15486707
15486719	15486727	15486739	15486749	15486769	15486773	15486781	15486791	15486803	15486827
15486833	15486857	15486869	15486871	15486883	15486893	15486907	15486917	15486929	15486931
15486953	15486967	15486997	15487001	15487007	15487019	15487039	15487049	15487061	15487067
15487097	15487103	15487139	15487151	15487177	15487237	15487243	15487249	15487253	15487271
15487291	15487309	15487313	15487319	15487331	15487361	15487399	15487403	15487429	15487457
15487469	15487471	15487517	15487531	15487541	15487543	15487547	15487583	15487609	15487621
15487639	15487649	15487721	15487733	15487739	15487751	15487789	15487811	15487841	15487859
15487861	15487889	15487897	15487903	15487909	15487931	15487933	15487937	15487939	15487951
15487973	15487981	15487991	15488009	15488017	15488023	15488027	15488063	15488093	15488107
15488113	15488129	15488141	15488147	15488167	15488197	15488203	15488219	15488227	15488257
15488279	15488293	15488321	15488383	15488387	15488393	15488413	15488441	15488467	15488491
15488497	15488509	15488527	15488531	15488537	15488549	15488563	15488569	15488617	15488647
15488651	15488657	15488659	15488677	15488687	15488689	15488723	15488771	15488777	15488783
15488789	15488801	15488807	15488827	15488833	15488881	15488899	15488917	15488923	15488951
15488953	15488981	15488983	15489013	15489029	15489031	15489043	15489053	15489077	15489079
